% -------------------------------------------------------------------
%  Generated by MATLAB on 13-Nov-2020 21:15:34
%  MATLAB version: 9.2.0.538062 (R2017a)
% -------------------------------------------------------------------
                                     

ans = 'Hello World';

