% -------------------------------------------------------------------
%  Generated by MATLAB on 13-Nov-2020 23:20:50
%  MATLAB version: 9.2.0.538062 (R2017a)
% -------------------------------------------------------------------
                                     

ans = 'hello world';

